CONV NORM
#  7x 7 convolution mask of a gaussian            PSF with FWHM = 2.5 pixels
0.00042 0.00364 0.01330 0.02048 0.01330 0.00364 0.00042
0.00364 0.03155 0.11532 0.17763 0.11532 0.03155 0.00364
0.01330 0.11532 0.42146 0.64920 0.42146 0.11532 0.01330
0.02048 0.17763 0.64920 1.00000 0.64920 0.17763 0.02048
0.01330 0.11532 0.42146 0.64920 0.42146 0.11532 0.01330
0.00364 0.03155 0.11532 0.17763 0.11532 0.03155 0.00364
0.00042 0.00364 0.01330 0.02048 0.01330 0.00364 0.00042
